a:51.0,b:2122.0,c:5151.0,d:1515151.0
86.18314110678828 1183493.2253399277
1588.6301168338439 448352.29110806296
703.5513039403282 578841.4214335502
1899.5932009828166 484400.1475947169
1376.4343365847537 277381.2494206218
1186.690458143495 628024.3776102874
437.01020078554296 1218364.246180656
265.4116620438542 1255816.2615393673
1617.7819168730525 1452278.9894437997
1677.9147828084817 241300.64741149344
2018.070479201091 99818.34260901585
568.0526274964868 1440675.198512123
1383.8653568988516 24374.61355434674
241.24791699088914 944306.0348109986
657.3107565345326 546158.0391053692
1141.7373582036714 1190511.1752280982
1892.9651569305345 281679.3149222063
1758.7160561178266 927148.0980223044
1993.6721050544115 339563.0208306053
1986.192651165003 1364216.8219606702
766.7486210468285 1170527.636397164
752.4618288120965 719894.700386426
517.3237312617096 978615.4364629843
810.8448609070797 468954.57070174045
478.04245700737994 532005.8646700316
330.98071378644437 1422365.6777171446
65.53382388402473 976668.1229408366
654.5011232223837 47987.23620473876
1315.4071970761756 722764.6958726642
1584.856925689923 441067.83730854304
101.89367345848012 336058.23041586514
796.7573172313896 308169.2794080434
