a:14.0,b:21.0
6.338547111145761 -5.103064716709281
5.56227754584877 -2.0292013746278936
-1.6484863904749079 14.200705401788314
7.154760901301608 -0.3552868793383937
0.1509285757119901 1.3326635811747327
-7.22979101717032 -17.071669829819662
-11.77525618044005 6.099428239907108
10.54516701179388 2.7573584501485975
-8.033419411587229 11.486562547695291
-1.18176932095688 -3.6252789541322086
-5.920073094931072 9.902942351922588
-1.3286996556938813 1.2045763209547768
13.88137235657431 0.47620386440783835
6.687513134877627 15.894251369117733
-8.736489598995467 -3.017895156045824
-12.639902193933768 -0.05289888853589024
-4.854491231737066 4.22040680631436
4.3535364021493885 10.221015297626893
-0.7325372538592559 17.155244513178147
11.679336499986258 7.382153607098712
-13.208658145744913 -1.3377335016097356
-3.5717914608799566 -2.471765681093644
10.359555490732738 9.791741148213424
3.322875107779451 4.8849185991057285
-10.978552152778422 -8.595046136376544
13.030396734138845 -2.1263704492274806
0.8411260730198271 17.557068830166834
13.23226882148337 -6.552401096425405
5.982575272092258 -17.169047058504646
-8.972935277416122 10.621355293021484
3.2299840208929305 11.717386696920885
2.4404629841480077 18.471308254656975
6.187207843845784 -2.645389638089087
-3.6864003845029516 -2.468953622620956
5.463959735775783 5.852097158533908
-11.240476860106966 -5.784450946721202
10.055426061847179 1.2281878847753434
-3.0267580776848986 -3.2546947677738305
-5.656196381154869 18.93138906242471
5.853744023716095 6.871213278412341
10.602969143738944 12.4863968255356
