Medie:0.0,Deviatia:1.0,Numar simular:1000
-1.2696589872188053
-0.03502960891547817
-1.19785931900391
-1.976862321518623
1.9046424666223107
1.2948215864517056
-0.22149771280222516
-0.0665595747947995
-0.2821340041174096
0.5795460546651645
0.5953727560603819
0.9982515130843563
1.2251010648133263
-0.43493513273188833
1.6422830164632285
0.8444482076386481
-1.122745410649858
0.8075982573686148
-0.22889883046273166
0.2680643351838508
-0.34084815976743477
-0.38862458571910213
0.221846538082006
0.04022907808583081
2.2258269476500434
0.172290655298152
-0.8678769981235969
1.2497956628614904
-1.1196529869506362
0.5933480845812652
-0.31177437108341716
-0.029370585213679155
1.5134870385653048
-0.45447892622182956
-0.9372721232558389
-1.0390455057279822
2.196343136815782
-0.07420663440895708
0.1791510659637073
0.8873351045635832
-0.21991222502807575
-1.9585619603195454
-0.3793026079477273
0.34100200240436307
-0.19953634724340555
-0.2820452597134656
0.9955088777016569
-0.08787881290164783
-1.0480420922339893
0.7560281848398229
-0.8649022626848882
0.4867381798682417
0.7421949495342922
0.3641028209342536
0.5095858108065665
-1.3236309359924103
-0.029869546324426212
-2.4622877298662855
-1.0664451695883803
-0.2288173776523354
0.8876950669923614
1.4860105195418325
-1.198314584617521
-3.2839039778000725
0.9796950853885641
0.5597507850408528
-0.12510332307843444
1.5222554142806706
0.596119345179123
-0.5842037898697673
0.22064947428970969
-0.455405874031347
0.9581260171308161
1.567020217932396
0.33625773419830013
0.5087921220884691
-1.259883276899415
0.906858186530714
0.41840656335842147
0.963316413660045
0.8257576900756716
-0.5314466703845171
-1.4159432687340774
-0.2252692222439267
-0.9821622054122883
0.5234328030228661
-0.26070674450749065
1.4480172543560652
0.7086151526393956
-0.41120125189642415
-1.4791489595568803
1.237297102244985
-1.2210587457202187
2.894171522814038
1.3652764453557247
-1.7977815911221497
0.4390541322859408
1.456046539280609
0.20109764976842187
-0.4484304694323153
0.3569253946681722
0.4225898182506553
0.8035326455251798
-1.4927249132357943
-0.33367352997951366
1.0925642550009316
-0.44810652754606445
0.05098792211010562
0.36459174037614467
0.18821772939220432
0.16564682629510383
-0.6487662475527024
-1.497559525915402
-1.1348926155998236
0.5136195767440354
0.9159512516421032
0.10042379714150829
-0.44610709141161187
0.7863147654371194
0.0004601163002290092
-0.17128308980225884
-0.9009258197087942
0.5231248453036519
0.5719943000448826
1.5688845049204165
-0.4684285272794741
-0.05811059458861085
0.6707275370378057
-1.0591774816608817
1.0007391374279961
0.45416727005703766
-0.3589103139088533
0.4650315121747812
-1.9373905941807943
-1.3213947975460372
0.049279077157307255
-1.4931843467592703
0.3494607338874465
0.7931400195989191
0.06121998433470117
1.1092502798655897
-0.2658411073419496
0.09061457881863338
-0.8990845562086062
-0.29774327066588896
0.15752078412966763
0.03964579726732438
0.054555492023669085
1.0489869601899584
-0.3183468483028991
1.17575256455723
-0.6622141272487796
0.09299720451574511
1.6480163958818062
-0.11762350244779131
-0.5897184864392574
0.03865549677577089
-2.920664623568599
-0.2920364046765063
0.01584682204288955
-2.2318289025920546
0.4702139999533559
-0.11991914996925203
-0.6415161625676493
0.2677571444637127
0.7491798530062698
-0.4930984537139665
0.6220632222889932
-0.7051321717247555
-0.8047955147174385
-2.315316138890544
-0.2704955570755512
-1.2751065435353206
1.7185634848326827
0.290873512278606
-0.8814333439881307
0.6333828675280017
0.9599062511207664
0.013415690537425301
1.27627945767287
-0.6772403930650862
0.21925709356896322
0.4426304783335416
3.1725053848004214
-0.3225926679559376
-0.15061238386811643
-0.5981317373906594
0.13985224478243685
-0.5972520764170703
-1.0895967805767135
-2.091983539961092
0.0005063132454362785
1.0106834801675668
-1.4358882875763639
-1.3787365375854657
0.5104886583607308
0.15842893120378393
-1.5290695276399726
-0.9052877985118077
-0.4547028080328476
1.2581936648914107
0.19275194636943074
-0.4045375483975173
0.4510471283532947
-0.7274304392890149
-0.2933270177934332
0.1485999979670488
0.10054175056023201
-1.2206433107394463
0.6516263050186951
-0.13283399016333647
-0.2618471413121274
-0.04697868314459344
0.2848755624886803
-0.883770740968022
0.8074920967099034
-1.2907649708306637
-0.40234484399676845
-0.48207820389457806
0.9291355520470589
0.02117431476546764
0.47537701679161304
0.4806565140982246
0.34042817787083796
-0.5742844455654584
0.14308315561988053
-0.25684708422811386
-0.5793315102895391
-0.09829535718365694
-0.5718699666664878
-1.7947320206877642
-1.2234264519891798
-2.5141570221136793
0.3146704195907867
0.7666694549002685
-0.3672482482495837
-0.874836113866135
0.03613108294997166
-0.7341847582411449
0.15676877246332094
-0.12951770676672092
-0.17495919498080684
1.217191984750672
1.4466062176587895
2.348182373426675
-0.8535501799858395
-0.43178717914586345
1.2175079501476709
1.1674606943555377
0.2539142108459438
-0.17154981444028225
1.550327598678742
0.7810588576000158
1.2814284091393116
0.5117928653502154
-0.5079958676012344
0.6020953823300709
-0.939468336355087
-0.34641101474096053
-0.19650822892001427
0.28047031846989606
2.122624429770057
0.09709611145197171
-0.7207770348573066
0.28104377238994027
0.11736798061605518
0.4210575262762557
1.1740666299795623
-0.9005022004523963
1.000518703550987
-0.28078026671259687
0.9244258100423234
0.36972312311982175
0.7895321723858209
-2.052398382438886
-0.6123241062039376
0.5834881189850636
-1.3874281130333035
1.2939937557616354
-0.010992716921453876
1.0018586612006994
0.9949684041997924
-0.46158301864671997
-1.162187158526904
0.6929131430010147
-0.8675075114851307
-0.10353877304370038
-0.9526472418611541
-0.4530597588474126
0.6278307749149119
1.2000403454332373
1.4924039912044929
-0.28094095454680335
1.4778199120605258
0.44522467268797894
-0.9180665332865143
-0.618451758601982
1.5669432648260564
-1.28277425507346
-0.10981001655795675
-1.4644964334818882
0.6940123607588294
-0.33556056476990065
0.10064283087604002
-0.06869041419486696
-2.081210199585172
-1.1449747735811535
0.35709344584112224
-0.027741932197367883
0.3168734481569113
1.95637746155708
0.004924751662098909
1.9291872430828914
-0.2533912095598655
-1.583489870684638
1.2353956833043773
0.3394481918260332
-1.9446150610981432
2.632362390281146
-1.4754786185730961
-1.0118426587815326
1.3004627772589146
-0.40969744135542474
0.04275871327979606
0.4591509133229606
0.6952490471116337
0.06722506453515714
0.16711492828604546
-1.3080867385295607
0.950250461507985
1.2904182117553653
0.2808273252061112
-0.5749075215379625
2.0451658179133867
0.29738135598519144
1.3873421001879624
-0.5312570446013031
0.7668853777105379
-0.4270734135843976
-0.018824795297099246
0.028791382656595806
0.23367340579813412
-0.760362405020373
1.6181997468393865
-0.21184818107669892
0.5902464600186799
2.0367967687399156
1.0269290351398312
1.2942664397099524
-0.40737963179784353
-1.009763057184838
0.5801291238926373
0.14316497662700106
0.33907390957912803
-0.41210502143601313
0.40382665759705505
-1.3168734486050422
-0.6038257188628523
0.4268835027087534
0.028159006159947687
-2.7541226533245164
0.24816588547310534
1.3875178445496426
0.9799304128905164
0.6077948869118209
0.07848503919483275
1.1152476943154563
-0.8105088108789326
0.4550292635578574
0.024598797645649963
0.056781190379232516
0.9993683255722194
-0.4131321433088485
-1.364536675808372
-0.35612434810389354
-0.6021348306952808
1.6481998623800962
2.2601890766105637
1.2702210871814135
0.4248096635758827
0.9239356675853794
0.3759055583410015
0.3591353407338716
0.05979346927770429
-0.5585834224111305
-1.2563997068878556
0.3165609129413767
1.124851227411303
0.2674588766243211
-2.3018859387946407
-0.08523619871028762
0.4214828566857793
-0.07004347695372556
1.0069813835726256
1.4477339295792555
-0.038539083316134516
0.45723917588267193
0.37672649539287434
0.18721210749602146
-0.731570670453682
0.21316225524048407
0.0883819419855235
0.2859260650693886
1.3918597556783545
1.3407040147126372
0.2711902363605363
1.2446582678267555
0.5618056820403268
-0.28997791688502417
-0.03598702195431988
0.33662879790464056
-0.12179615401210579
-1.3407986139426313
-0.7660080070168531
0.015955190287301694
-0.5521119835300005
-1.5733495877502042
0.05560873085023452
-0.6471136350112004
-1.0787446814024657
-0.18610996530272056
0.46467902622176344
0.6865422908956713
-0.2061432265597771
0.27078936373119067
0.8880110661255304
0.9703727629122371
-0.11148706705160168
0.18421521872068103
-0.02872465993303289
1.1221855070396323
0.7588103527182688
-3.338214537381509
-1.2473360973256271
-1.340606859613305
-0.24625686051071227
1.2168104622664186
-0.9488449267953468
-0.5345644248969308
0.9157016032486462
0.26029685139150316
-0.036983028821712345
0.16120356872810393
0.3892688597556906
0.0914807091964024
0.31668155398810577
-1.046487101208842
-0.5196436480820777
0.46885626912777506
-1.0775871953545844
-0.4864784618062951
-2.3944483433067805
0.3641441376832495
0.8245726800529765
0.8600302011613705
-0.2532864100172905
0.8114405127776678
-0.3430432113330015
0.6464927035408717
0.40799843649253914
1.0409902627776506
-0.03635689525492058
-0.312229515198246
-0.6826689518975001
0.6886206323078835
-0.865362255561772
0.08110662233493666
-2.1148957967587756
-1.1929540166376553
1.6836505827599944
0.8351183911591505
1.4240085543411132
-0.5556769218163258
-0.2357731116776991
1.0604807051293708
1.4447870788391917
-0.6056246374046589
0.8869143005634166
-1.4024372113119263
-0.8767276907772477
-0.2631970916764961
0.41547319000292454
-0.7450174886395081
0.09924083907702877
0.08834598795162946
0.37841121731638383
-0.15647306125144636
1.0422255556205904
0.7715094404027393
0.653107321441492
-0.5769866556406424
0.2907486332263168
0.7590137280114377
-0.5309070657593937
0.5437533958414772
2.9281645487163783
-0.0840930986919923
-0.47750396957284824
-0.059022093520133045
-0.5985508560598759
1.8798597054220167
-0.42575168080095865
0.7986843849081142
-0.24452729121575306
0.28108710834490874
-0.12287147705441984
-1.6217413358327954
-0.9537650225962707
-0.2980603758123829
0.9517761004344109
-1.1823804097016353
0.0005415630367575814
1.3388699138289746
1.6378218725172773
-0.694221709406912
0.934251441613954
0.6008463295725961
1.0692162809483339
0.6389233565998212
0.5926489641904276
-0.7004149463359657
-0.41017355262159355
-0.14915033328439165
0.9468300410233607
-1.2461182114296787
-0.20675487443639892
1.0112565695583615
-0.23557353236326598
1.2288265496535506
-0.8577733814241996
-1.537735575003668
-0.8811765588423016
1.4844053348524204
-0.6449360699224889
-1.2565812933153886
0.4839537033056944
0.4526111700718641
-0.3945933037325986
-0.6548592223145301
-1.1392364496416338
2.1233080566476032
-0.3932988619243637
0.5050394358463166
0.9913505510808789
0.4855634968089471
1.6943283639776938
0.25596321420027673
1.1470730040981607
-0.7072859808043184
0.8632367397531889
-1.009003173250521
-1.0822437782414887
0.5771295514741993
-0.8652172564503359
-2.6122862449914237
2.5138189323222724
0.17868186526692884
-0.24073278212859656
0.31246497573768856
-2.035725166980392
0.016951385379258294
0.40054734011596216
-0.7866492197920283
0.8413406506538093
1.7785724627959913
1.8943525141601076
0.18419944853615353
1.3253004703020224
-0.7481754561552488
-1.4949729538153738
1.7389230590713747
0.8985100262706186
0.8899095203200702
1.4638700818838883
-0.7314924927889431
1.0472083954813487
0.230747534470525
0.2699804795275531
-1.5028043048881732
0.564408108043897
0.9751922663565765
0.46336761619901495
1.4728021941894338
-0.3322797518549912
0.689646727704124
0.2284274034454803
-0.5518854168520219
0.13651498821566643
-0.32676375901351323
-0.33791558939352784
1.315226895241715
0.01931690156324295
-0.5176493860950135
-0.2336720430778944
0.8932874184504876
1.7431337161818061
-1.279670729856278
-0.7086798883722935
-1.822193536029671
-0.8912619918005797
-0.06530496516884914
2.58463240837383
-0.2154752027717605
1.018483021641322
-1.379251774839001
-0.9062195640410352
-0.572250337827287
-0.519010210897572
-1.4172060832293352
-1.3481317830725292
-0.902641595506192
-0.6154578246315191
-1.10781195710757
0.8880898468768551
-1.6424056277762424
-0.5530805167038915
1.1202643901585387
-0.31958946047608355
0.8050760248675108
0.9807366436857151
0.8177435893169587
1.1800552606289225
-0.1916137907106304
0.1948859715310027
1.064360681499055
-0.5467372103556557
-1.9927712251482204
-0.13402294605476955
2.1452876256527147
0.9440176325139631
-0.2201679049904951
-0.21134150464337118
1.3704378000552013
1.5255906016515774
0.40230238843569127
-0.9877551470115145
0.6779689560411737
-0.38139687645362036
-1.6955601106757239
0.398665450270656
0.700617418032839
1.697325816875533
1.0628528026482462
0.06043757869205841
0.8302015282545607
-0.33892902461256086
0.32386318846240203
0.33549792202840834
0.8252784315322854
-0.1755736763930655
-0.7487678557062586
-0.2882408502709352
-0.7030832279650778
1.057558391859364
0.27019555642551624
1.551095221650351
0.8386002548702124
0.04118607058075383
0.8497680750136027
-0.4434108803442128
-0.16070907267899684
-0.18775977819418005
1.7450150112746576
0.4440280852631582
0.1547471973296716
0.17905665958447137
0.44093321151769715
-0.9433085723260537
0.3244479270610949
0.9507690259084357
0.5607673261149008
-0.6676198595062015
-0.32311607043963886
-0.32708229340626305
-0.497471893781904
-0.7418567146964581
-0.0018994059380863118
-1.7450523800929503
0.3506955055882419
1.4112756087592133
1.0410213760535323
0.41758480929837877
-0.46550475888841775
1.290845376950572
0.08852534223124857
0.24500832190867847
1.2109612774869274
2.0167325517181487
-0.6690850616996556
1.6124892712450791
-0.9091463685293523
1.6609110104871425
-0.4789421869471878
-0.3218185230696841
-0.41124470368920885
1.231370860797935
-0.8667736814059058
-0.35461388688082673
-1.2543200044780924
-0.4362298577246474
-0.21948857900342952
0.8462001545083949
1.031208023961581
-0.4666798296296277
-1.0379433454693774
0.8383060608924567
0.8229577973861195
-1.1306946507311542
-0.3679301433304466
0.4160994419052196
-1.702321943544164
0.7181810917167092
-1.9151779213460476
0.6865520874831382
0.7369013510528892
0.47312117076381366
-0.5861425401620824
-1.7709152481892017
0.82912994183857
-0.00666375363746751
1.5527793907802456
-1.0395005731721305
-1.895648615328334
-1.741955655337417
-1.4520185064526319
1.0248836345549845
0.6959884595708392
1.2046727307433645
-1.192705392647486
0.7215317230464489
1.7533337791086474
-0.42703544815958105
0.3055510741194928
0.28520062880410696
-0.3960383893926765
0.4563642411433813
-1.4518191354504242
-0.9100951958802295
1.6343057132808245
1.0556050472669465
-0.1587037257366971
0.38984144988938174
-0.6793646455330462
-1.5143556723820581
-0.8327665870741278
0.2840469359717334
-0.5652503878850214
-0.5419009159679801
1.598875685871291
0.4860360492010761
1.1659329116216492
-1.0873106912560144
0.7697635492859836
-0.8588042797178718
0.44607618801307286
-0.6008190208750501
0.7096028299656845
-0.010943135480272505
0.7357531087430862
1.0097829817599078
-0.494612860028153
-2.097166531640016
0.4972475014234925
0.9636903557553511
0.7581275591799901
0.5175348412156915
0.9574726810484038
-0.5139749055933512
-0.824830908039877
-0.25135601659136275
-0.3468190346299016
0.8617295729337231
-0.6755470186833605
-0.9742955681589224
0.8191412026851966
0.23992025030155487
0.37583856514593517
0.4921756047581238
-0.823732968065753
-0.2908425733006005
-0.7656486241595168
0.7719991038417773
1.1437218632280821
1.1514597020337394
0.43306154330941404
0.2863860972097592
1.311077401321161
0.8465014930774736
0.7122458448680871
-1.369734887950895
1.0395153959852539
-0.5786711847666507
-0.37347681931642734
-0.3075076550615604
-0.9919435032061604
0.1095781543407059
-0.5342556246045881
-0.7367641274819724
0.7355593152332638
-1.4613903524127971
0.09240229595892996
-1.7396902127206093
-0.04383565854833132
0.8508986108001377
-0.9625048365500037
0.17917359873251634
0.34721698059007233
1.30475161065707
0.19220668460068807
-0.5587956135429473
0.22808286507780454
0.6719492738415975
0.6282325229320748
-0.6345502322467872
0.8272679201428048
0.30155559703420476
0.5663247030141129
-0.005046448293360608
0.052119863419092506
0.3920447994103709
0.6656223570103942
-0.4905143249754211
-0.5924320724828529
1.5223066719667944
-0.13584394049390752
-0.12483913081487147
-0.8767189682351628
-0.7324769417680977
-1.5518858986954944
0.18540939196405115
-0.44764807843126664
-0.81327551134545
0.09420839419292588
2.1933386252757674
0.14602699460787952
-0.8634193209806347
-1.219476218240341
1.4273633868082434
1.6215694004343524
-0.5072278036312086
1.181046174370845
-0.6534324645311257
0.23600903287367295
0.14342218639749
0.2986239204465395
-0.492259982838822
2.6212376608959067
-0.6131086965432192
-0.39135971921728896
0.0776844094710152
0.4892511507882008
-1.0758393716844867
0.38537126622956375
-1.4772996922227912
0.6727545827178187
0.34698212720360616
-0.11173424001948444
1.0620067139723792
0.044666949787810745
0.2666906653467381
0.8279712576514363
1.463520572787128
0.6899807814053118
0.3043793284668115
0.7108175711959683
-0.42955190471922083
0.23046009478751803
0.41414690187806424
0.8121788084279403
-1.2576743281931941
-0.45836334529099393
0.27079587960677065
-0.6367744277724736
0.6411985673425158
-0.6841279039740691
-1.3103740140969178
0.4885842431753851
0.449425045007314
0.9477894748770277
-0.1528728972428884
-2.6160401214497893
0.41038192774080073
1.271691353272256
-0.7870596357657133
1.126724788564163
-1.2172595655531324
0.3685912041307059
-0.002763920302054189
-0.7823363558175427
0.1433186932210488
0.6059439418860821
0.2737799398285523
0.5203698142325259
0.9710995857740621
-0.7495271830343753
0.360945765354563
-0.45103958568411606
-0.9401453005370978
-0.7621145284702312
-0.8927224196104137
-0.2457312234065891
0.34042786508193795
-0.17064683292752889
0.14217101626282233
0.32084883401550013
-0.38928811491009496
-0.1386323235894839
-0.21703843351905075
-0.6885200015938795
2.024128272832453
0.6428210088676538
-0.6479419116451852
0.47488206460850024
-1.8588999234202201
-1.1984033639934715
-0.22359316481952157
-0.1371859778982419
0.6886247578958719
0.9451548758940864
-0.07771841891492272
-0.014858339071036057
-0.5055959552135445
-1.2211212627865435
1.483509731931042
-1.7104697373417934
-1.5325978016850315
0.3860572072710511
-0.4868340897925335
-0.05324514837718567
1.2496889702431382
-0.7203251990335883
-1.0196591568783817
1.1160166793266673
0.7160922350332798
1.5874591912235492
0.4123432918545344
0.21753138177495596
-2.7262246696761
-0.09963753366817028
-0.6419780609110078
0.07114863765664074
-0.7345346698614554
-0.4015298701580555
-0.7661041430507345
0.8636597586171074
-0.7470755391968966
-0.3007523848979948
0.019864688073487635
-1.0836980741589484
0.7569231908232564
-0.0316682913788187
0.5601454807550919
1.199649569716877
0.961813579410159
-0.17097307584971771
1.7286439101412132
0.09468578273405252
0.5889692739118934
1.6925545764462016
0.4354151139299931
0.35906243369231633
0.01507158289493026
0.38345726045479406
1.0900355252714555
-1.3272092233146762
-0.8070482375096698
0.40210772681428225
0.7812935710906743
-0.4757736667011562
0.2141258313956656
0.06203884541759536
0.07281422301037958
-1.04111823195858
-1.3243479738800736
0.4879119824325259
0.9928521072354451
-1.4658755060114295
-0.8640078651023578
-1.6267076134881946
-1.3734627636014605
-0.36602463263378676
-1.9281016368955572
1.0569650827501877
-0.2606356442008643
-0.09749483874788514
1.2895579319129178
1.5064243017528325
-2.5296343135376174
-2.415503635374678
-0.16950857920162918
-0.3926201092594694
0.029233337183169558
-0.08587161724425517
-0.07178104712102854
1.3197049290054268
-1.3283678926403166
1.435789759080628
1.5119016402579424
-0.05999329943138503
1.0511280202653066
